
111111111111111111111111111111111111111111111
222222222222222222222222222
33333333333333333333333333
4444444444444444444444444444
5555555555555555555555555555555555555555555555555555555555555555
999999999999999999999999999999999999999999999999999999999999999999999999999999999999
sdf
111111111111111111111111111111111111111111111
999999999999999999999999999999999999999999999999999999999999999999999999999999999999
dsf
55555555555555555555555555555
5555555555555555555555555555555555555555555555555555555555555555
999999999999999999999999999999999999999999999999999999999999999999999999999999999999
666666666666666666666666666666
77777777777777777777777777777777777777777777